Apple 71.68 167.09920200000002 334.08 429.592326
Apple 179.2 421.269198 385.28 578.76453
Apple 430.08 168.379266 529.92 288.74189399999995
Apple 439.04 529.46715 481.28 555.716598
Apple 469.12 453.28029 513.92 507.05924999999996
Apple 472.32 275.297154 595.2 385.416558
Apple 485.12 404.622942 497.92 442.396356
Apple 503.68 170.94074999999998 616.96 285.541056
Apple 522.24 368.77030199999996 586.24 397.58055600000006
Apple 578.56 247.76764200000002 647.68 311.150472
Apple 615.04 158.776074 640.0 188.86707
Apple 744.96 262.493124 807.68 314.99134200000003
Apple 827.52 463.524192 897.28 528.187086
Apple 836.48 429.592326 906.24 478.248996
Apple 869.76 275.937864 924.8 322.033728
Apple 885.12 179.90391 954.88 240.72525599999997
