Apple 844.8 418.41245599999996 934.4 487.50860400000005
Apple 0.0 232.877766 17.92 276.38254600000005
Apple 0.0 172.739006 51.2 200.889238
Apple 0.0 245.67345 80.64 314.768916
Apple 0.0 290.45766199999997 203.52 404.338022
Apple 1.28 195.770828 55.04 216.243786
Apple 17.92 440.16484599999995 305.92 583.47487
Apple 47.36 158.66388999999998 124.16 216.243786
Apple 84.48 660.2476099999999 165.12 680.720568
Apple 124.16 591.152144 243.2 673.0432940000001
Apple 136.96 239.275608 199.68 290.45766199999997
Apple 167.68 616.74283 291.84 680.720568
Apple 190.72 185.53468999999998 271.36 246.95288200000002
Apple 199.68 225.200492 281.6 295.576072
Apple 270.08 234.15788000000003 334.08 287.89879800000006
Apple 273.92 630.817946 381.44 680.720568
Apple 281.6 287.89879800000006 345.6 372.34881199999995
Apple 282.88 115.15979200000001 302.08 134.35263600000002
Apple 295.68 125.39593 313.6 145.86888800000003
Apple 321.28 303.25334599999996 422.4 386.423928
Apple 343.04 220.082764 410.88 266.146408
Apple 345.6 248.232314 441.6 327.5646
Apple 373.76 126.675362 392.96 149.70718399999998
Apple 387.84 144.589456 405.76 165.061732
Apple 414.72 312.21005199999996 504.32 381.305518
Apple 427.52 444.00382399999995 679.68 612.9045340000001
Apple 431.36 262.30743 510.72 331.403578
Apple 437.76 195.770828 481.28 249.512428
Apple 501.76 536.131112 604.16 615.463398
Apple 527.36 258.469134 608.0 344.19858
Apple 549.12 666.6454520000001 620.8 680.720568
Apple 560.64 309.651188 604.16 354.4354
Apple 593.92 271.264818 684.8 354.4354
Apple 597.76 583.47487 698.88 680.720568
Apple 650.24 598.829418 775.68 680.720568
Apple 669.44 304.532778 728.32 363.392106
Apple 674.56 253.350724 760.32 330.124146
Apple 695.04 371.06937999999997 928.0 532.292816
Apple 865.28 542.528954 981.76 633.37681
Apple 942.08 626.97965 1022.72 680.720568
Apple 970.24 557.8835019999999 1022.72 644.893062
