Apple 246.18533000000002 696.7552 407.89511 877.886464
Apple 26.549682 83.320832 101.37066 147.320832
Apple 26.549682 135.2448 434.44479200000006 376.7552
Apple 28.962934 113.509376 60.33912000000001 194.414592
Apple 28.962934 218.565632 666.148264 615.8489599999999
Apple 56.719242 143.69791999999998 100.16325199999999 172.679168
Apple 86.88880199999998 117.13228799999999 156.882494 177.509376
Apple 103.783912 99.018752 164.123814 158.188544
Apple 241.35804400000004 289.811456 755.4503179999999 992.60416
Apple 423.583594 770.414592 605.808362 980.5281279999999
