Apple 65.599488 12.8 649.6 270.39948799999996
Apple 180.800512 342.4 412.8 590.400512
Apple 312.000512 340.799488 508.8 555.200512
Apple 340.799488 711.999488 574.400512 1022.4005119999999
Apple 417.60051200000004 316.8 574.400512 544.0
Apple 516.799488 596.799488 889.6 711.999488
Apple 534.4 270.39948799999996 713.6 486.4
Apple 561.599488 689.599488 772.799488 1022.4005119999999
Apple 620.8 265.6 839.999488 476.8
Apple 764.8 705.599488 961.5994880000001 1022.4005119999999
Apple 935.999488 652.8 1022.4005119999999 988.8
