Apple 10.251147 813.44 189.010005 997.12
Apple 63.430893000000005 689.92 96.747633 721.28
Apple 106.99878 787.2 140.316203 805.12
Apple 236.42318200000003 862.08 276.787799 901.12
Apple 253.72220600000003 815.36 297.93143000000003 856.96
Apple 272.943875 310.4 312.027184 350.72
Apple 276.787799 925.44 312.027184 953.6
Apple 281.913714 525.44 296.009468 548.48
Apple 322.278331 259.84 365.846901 301.44
Apple 324.200976 668.16 346.62591499999996 701.44
Apple 324.200976 480.0 350.469839 506.24
Apple 325.482284 324.48 378.02069300000005 366.08
Apple 332.530161 737.92 364.565593 780.16
Apple 348.54787699999997 483.2 379.942655 516.48
Apple 351.75114700000006 796.16 444.65485599999994 1004.16
Apple 362.643631 666.24 403.00824800000004 704.64
Apple 388.912494 382.08 432.481064 415.36
Apple 401.08628600000003 0.0 513.210981 196.48
Apple 432.481064 698.24 474.768326 729.6
Apple 467.720449 443.52 523.462128 497.28
Apple 477.971596 713.6 516.4149339999999 752.0
Apple 485.01947300000006 315.52 528.588043 346.88
Apple 493.98999499999996 343.68 548.450366 396.16
Apple 508.08506600000004 656.0 544.605759 684.16
Apple 509.367057 631.68 544.605759 652.16
Apple 515.1329430000001 399.36 558.701513 434.56
Apple 534.3546120000001 373.12 568.9533429999999 401.28
Apple 572.797267 701.44 620.2104439999999 729.6
