Apple 211.84 274.492764 337.92 383.90625
Apple 162.56 102.375 780.8 456.848847
Apple 168.32 172.75822200000002 544.64 456.848847
Apple 348.8 614.889639 456.96 731.3416110000001
Apple 348.8 496.51874999999995 632.96 771.0115139999999
Apple 365.44 517.633389 464.0 614.889639
Apple 432.0 568.18125 533.76 682.0730280000001
Apple 448.64 667.996875 555.52 773.570889
Apple 460.16 496.51874999999995 562.56 595.0542780000001
Apple 524.8 577.7791110000001 634.24 693.590625
Apple 608.0 417.81776400000007 745.6 545.786514
Apple 658.56 545.786514 793.6 682.0730280000001
Apple 748.8 440.2125 871.04 569.4605280000001
