Apple 359.04 556.160256 481.28 656.000256
Apple 0.0 251.52 35.84 311.04
Apple 0.0 74.24025599999999 128.64 215.679744
Apple 24.96 416.00025600000004 129.92 502.400256
Apple 122.88 42.879744 142.72 57.599999999999994
Apple 145.92 128.64000000000001 169.6 156.159744
Apple 160.0 87.03974399999998 179.84 101.76
Apple 165.76 63.36 183.68 81.92025600000001
Apple 182.4 204.800256 240.64 251.52
Apple 189.44 190.719744 927.36 497.28
Apple 194.56 184.959744 219.52 200.960256
Apple 213.12 182.39999999999998 251.52 216.95999999999998
Apple 216.96 439.68 311.04 535.040256
Apple 243.2 231.680256 302.72 277.760256
Apple 248.96 154.880256 277.76 183.680256
Apple 300.16 469.11974399999997 405.12 561.920256
Apple 337.28 156.159744 380.8 188.16
Apple 349.44 104.31974399999999 378.24 124.160256
Apple 411.52 486.39974400000006 501.12 576.0
Apple 504.32 129.920256 538.24 161.28
Apple 648.32 138.879744 675.84 157.44
