Apple 18.56 616.3199999999999 168.32 756.48
Apple 21.12 0.0 1023.36 767.360256
Apple 76.8 298.880256 246.4 457.599744
Apple 138.88 129.279744 271.36 254.720256
Apple 162.56 458.88 288.64 580.479744
Apple 251.52 552.320256 375.68 679.6800000000001
Apple 263.04 295.68 382.08 413.43974399999996
Apple 297.6 0.0 463.36 162.56025599999998
Apple 355.84 654.080256 474.88 767.360256
Apple 357.12 375.03974400000004 489.6 508.79999999999995
Apple 379.52 237.44025600000003 509.44 371.199744
Apple 390.4 513.920256 519.68 650.240256
Apple 460.16 0.0 638.72 157.44
Apple 496.0 608.000256 652.8 767.360256
Apple 506.88 153.60000000000002 678.4 321.279744
Apple 510.72 348.159744 620.16 460.160256
Apple 572.8 465.27974399999994 707.84 594.560256
Apple 643.2 44.799744000000004 769.92 173.43974400000002
Apple 674.56 362.240256 792.32 483.84000000000003
Apple 695.68 583.040256 837.12 709.760256
Apple 696.96 190.719744 828.16 312.320256
Apple 792.32 307.20000000000005 944.64 437.76
Apple 841.6 449.91974400000004 985.6 581.76
Apple 861.44 172.160256 1023.36 323.840256
