Apple 349.44 440.16959499999996 410.88 458.109956
Apple 354.56 484.3788190000001 518.4 646.4793070000001
Apple 383.36 408.774817 506.88 425.43318700000003
Apple 394.88 597.785505 444.16 642.635383
Apple 425.6 466.43914100000006 613.12 599.066813
Apple 426.88 430.559102 569.6 465.15783300000004
Apple 506.88 591.3782820000001 698.24 682.3593460000001
Apple 526.72 456.828648 784.64 615.725183
Apple 693.12 592.65959 838.4 656.7304539999999
Apple 782.08 663.137677 840.32 682.3593460000001
Apple 815.36 646.4793070000001 879.36 679.1553929999999
Apple 842.88 675.311469 881.92 682.3593460000001
Apple 879.36 658.012445 939.52 682.3593460000001
