Apple 26.88 232.404368 136.96 276.58029
Apple 62.08 165.17959199999999 140.8 236.24595399999998
Apple 171.52 243.928464 265.6 307.311654
Apple 196.48 179.90512 276.48 237.52626200000003
Apple 226.56 417.4313819999999 261.76 459.04668799999996
Apple 247.04 414.870104 296.96 460.326996
Apple 250.24 455.205102 290.56 493.618976
Apple 256.64 386.059864 310.4 421.27296800000005
Apple 294.4 417.4313819999999 334.08 452.643824
Apple 298.24 257.373022 403.2 305.39052999999996
Apple 335.36 170.301486 411.52 242.64815600000003
Apple 378.88 467.369352 433.92 523.06937
Apple 398.08 447.52192999999994 428.16 468.64966000000004
Apple 416.64 504.502918 440.32 521.7890620000001
Apple 421.76 440.479574 478.08 489.137236
Apple 436.48 485.936466 486.4 523.06937
Apple 465.28 478.253294 500.48 505.783226
Apple 483.2 246.48908 588.16 312.433548
Apple 492.8 170.301486 574.08 242.64815600000003
Apple 616.32 246.48908 726.4 287.464232
Apple 626.56 179.90512 705.28 247.77005000000003
Apple 756.48 178.62481200000002 832.64 261.214608
Apple 766.72 249.05035800000002 871.68 286.183924
Apple 841.6 95.394862 871.68 117.8029
Apple 866.56 112.681006 892.8 119.083208
Apple 869.12 92.833584 901.76 116.52193
Apple 899.2 104.997834 917.76 120.363516
Apple 908.8 178.62481200000002 992.64 268.89778
