Apple 0.0 289.28 25.6 319.36
Apple 0.0 310.4 44.8 352.0
Apple 0.0 16.64 202.24 147.84
Apple 0.0 474.88 632.96 1023.36
Apple 18.56 345.6 46.72 364.8
Apple 18.56 371.84 242.56 520.32
Apple 30.72 301.44 55.68 332.8
Apple 158.72 84.48 405.12 205.44
Apple 167.68 0.0 356.48 53.12
Apple 209.28 424.32 454.4 581.76
Apple 323.2 0.0 531.2 109.44
Apple 385.92 126.72 672.64 429.44
Apple 431.36 835.84 502.4 908.8
Apple 440.32 469.76 692.48 635.52
Apple 535.04 28.8 774.4 147.84
Apple 600.96 345.6 816.64 469.76
Apple 613.76 842.24 893.44 1023.36
Apple 695.68 516.48 1007.36 770.56
Apple 711.68 250.88 895.36 350.72
Apple 769.28 168.32 942.08 250.88
Apple 816.64 270.72 1023.36 549.12
