Apple 714.88 472.20570999999995 787.2 552.29429
Apple 140.8 650.323914 181.12 682.3593460000001
Apple 161.92 174.914934 203.52 217.842167
Apple 244.48 382.505271 290.56 422.870571
Apple 305.92 296.650122 344.32 341.5
Apple 401.92 93.544363 449.28 135.190288
Apple 490.88 322.91898499999996 535.68 370.33216200000004
Apple 509.44 0.0 558.08 28.832162
Apple 528.0 238.985798 555.52 270.380576
Apple 540.8 207.59102 567.04 249.878282
Apple 565.76 198.62118100000004 610.56 246.674329
Apple 673.28 223.60873600000002 716.8 272.943875
Apple 695.68 201.183797 740.48 236.42318200000003
Apple 765.44 300.49404599999997 810.88 353.03313799999995
Apple 832.0 139.034895 903.04 199.90248899999997
Apple 840.32 451.702733 884.48 497.83391900000004
Apple 903.04 106.358126 968.32 148.64538800000003
Apple 951.68 332.530161 994.56 365.206247
