Apple 25.09824 448.418816 242.61427200000003 711.110656
Apple 26.771456 266.039296 230.90176 478.53567999999996
Apple 28.444671999999997 866.71872 50.19648 933.6473599999999
Apple 31.791103999999997 699.3991679999999 102.065152 888.470528
Apple 63.582207999999994 855.006208 399.895552 997.2285439999999
Apple 160.627712 25.09824 684.340224 533.751808
Apple 235.921408 548.810752 271.058944 637.490176
Apple 276.078592 642.509824 599.006208 970.4570880000001
Apple 393.20268799999997 957.0723839999999 508.65356799999995 993.8821119999999
Apple 517.0196480000001 925.28128 744.574976 997.2285439999999
Apple 545.46432 316.235776 993.8821119999999 970.4570880000001
Apple 553.8304 16.73216 675.974144 60.235776
Apple 647.5294719999999 45.176832 702.7456 112.104448
Apple 674.300928 23.425024 926.9544960000001 140.54912
Apple 926.9544960000001 25.09824 992.2088960000001 76.966912
