Apple 145.92000000000002 158.08 203.52 197.76
Apple 166.400256 181.12 220.79999999999998 233.6
Apple 234.87974399999996 576.64 301.44 636.16
Apple 259.20000000000005 783.36 322.56 844.16
Apple 273.279744 832.0 337.92 896.64
Apple 278.4 597.76 344.96025599999996 660.48
Apple 282.24 552.32 343.040256 600.96
Apple 287.36025600000005 288.0 355.839744 345.6
Apple 311.679744 826.88 373.119744 879.36
Apple 318.71999999999997 213.12 378.24 259.84
Apple 322.56 8.96 368.00025600000004 47.36
Apple 322.56 246.4 378.24 311.04
Apple 334.719744 338.56 504.320256 524.16
Apple 364.160256 242.56 411.519744 302.08
Apple 380.15999999999997 181.12 439.68 235.52
Apple 437.76 146.56 502.400256 200.32
Apple 442.88025600000003 87.04 509.43974399999996 147.84
Apple 487.040256 123.52 544.640256 179.84
Apple 494.079744 535.04 533.76 580.48
Apple 521.600256 519.04 556.8 571.52
