Apple 38.4 240.611756 207.36 422.350992
Apple 66.56 468.425496 243.2 645.0444279999999
Apple 79.36 5.119617999999999 253.44 184.29870200000002
Apple 235.52 227.81374 414.72 424.91045799999995
Apple 279.04 514.5 417.28 642.484962
Apple 279.04 35.835954 455.68 189.417634
Apple 445.44 240.611756 619.52 422.350992
Apple 450.56 483.783664 611.84 650.1640460000001
Apple 476.16 35.835954 627.2 189.417634
Apple 640.0 220.134656 826.88 419.79083999999995
Apple 655.36 28.156869999999998 806.4 197.09671799999998
Apple 660.48 511.94053399999996 806.4 647.6045799999999
Apple 832.0 40.954885999999995 980.48 184.29870200000002
Apple 842.24 506.82091600000007 1000.96 655.2836639999999
Apple 852.48 281.567328 1008.64 427.469924
