Apple 130.56 912.0 252.159744 1024.0
Apple 55.040256 886.4 161.91974399999998 974.08
Apple 138.879744 746.24 282.24 819.84
Apple 165.12 837.12 293.12025600000004 915.84
Apple 202.23974399999997 753.28 279.03974400000004 869.12
Apple 439.68 571.52 490.88025600000003 681.6
Apple 457.599744 725.12 555.519744 921.6
Apple 476.799744 588.8 541.4399999999999 666.24
Apple 480.0 662.4 555.519744 725.12
Apple 543.36 686.72 679.6800000000001 788.48
Apple 550.400256 900.48 725.1202559999999 974.08
Apple 576.639744 974.08 669.440256 1023.36
Apple 688.640256 977.28 767.360256 1023.36
