Apple 66.56 199.68 122.88 267.519744
Apple 113.92 522.24 142.72 546.560256
Apple 178.56 231.680256 208.0 256.640256
Apple 252.8 350.720256 286.08 375.680256
Apple 292.48 71.679744 350.72 133.76025600000003
Apple 322.56 684.159744 360.96 709.119744
Apple 354.56 59.519999999999996 426.24 131.19974399999998
Apple 366.72 247.68 410.24 296.319744
Apple 374.4 659.840256 387.84 680.960256
Apple 399.36 236.79974399999998 468.48 298.880256
Apple 421.76 122.88 483.2 170.88
Apple 428.8 81.92025600000001 473.6 140.16
Apple 430.08 280.32 480.0 325.119744
Apple 447.36 414.08025599999996 508.16 452.480256
Apple 556.8 719.360256 586.24 743.679744
Apple 556.8 229.11974400000003 618.88 280.32
Apple 586.24 0.0 669.44 53.120256
Apple 612.48 51.84 658.56 100.47974400000001
Apple 670.72 97.92 917.76 448.640256
Apple 824.32 90.24 896.64 161.28
