Apple 343.68 778.24 464.00025600000004 887.68
Apple 67.19999999999999 202.24 431.36025600000005 344.32
Apple 78.08025599999999 662.4 93.440256 702.72
Apple 79.35974399999999 497.92 95.360256 529.28
Apple 83.199744 529.28 97.28025600000001 547.2
Apple 83.199744 90.24 394.23974400000003 211.2
Apple 86.4 707.84 95.360256 732.16
Apple 95.360256 25.6 158.079744 94.08
Apple 97.28025600000001 833.92 114.560256 876.16
Apple 97.28025600000001 896.64 124.80000000000001 949.12
Apple 112.64025600000002 342.4 334.719744 609.92
Apple 114.560256 952.96 144.639744 984.32
Apple 177.279744 624.0 426.24 888.32
Apple 217.599744 961.28 394.23974400000003 1023.36
Apple 275.199744 10.88 324.48 42.88
Apple 326.4 391.04 408.320256 528.0
Apple 343.68 48.0 350.720256 62.08
Apple 380.799744 977.28 476.799744 1023.36
Apple 397.43999999999994 0.0 425.60025599999994 16.64
Apple 411.519744 69.76 416.64 76.8
Apple 416.64 71.68 423.680256 82.56
Apple 418.56000000000006 3.84 436.479744 17.92
Apple 424.32 291.84 767.360256 604.8
Apple 426.24 578.56 767.360256 840.96
Apple 427.520256 80.64 434.559744 97.92
Apple 432.63974399999995 92.8 446.72025600000006 103.04
Apple 522.24 910.72 625.280256 974.08
Apple 534.399744 119.68 546.560256 133.76
Apple 534.399744 131.84 546.560256 142.08
Apple 546.560256 44.16 742.400256 112.64
Apple 556.8 135.04 568.959744 149.12
Apple 576.639744 956.16 730.239744 1023.36
Apple 595.839744 853.12 698.88 963.2
Apple 618.24 169.6 640.640256 200.96
Apple 647.679744 185.6 658.5600000000001 199.68
Apple 651.519744 190.72 668.7997439999999 209.92
Apple 656.64 848.0 767.360256 1001.6
Apple 669.440256 165.76 760.3199999999999 258.56
