Apple 405.12 341.5 467.2 404.289556
Apple 409.6 502.959834 616.32 635.587506
Apple 480.0 319.075061 497.28 356.23640800000004
Apple 573.44 513.210981 640.64 547.169058
Apple 788.48 602.9107369999999 809.6 624.054368
Apple 793.6 611.8805759999999 846.08 624.054368
Apple 807.04 597.785505 842.24 613.162567
Apple 818.56 608.036652 833.28 613.162567
Apple 834.56 597.785505 855.68 621.491752
Apple 890.88 444.01420199999995 1023.36 483.097511
Apple 931.2 500.396535 998.4 531.7919959999999
Apple 1000.96 630.461591 1015.68 679.1553929999999
