Apple 562.19648 585.6204799999999 680.993792 701.0723839999999
Apple 0.0 545.46432 40.157184 607.372288
Apple 0.0 729.516032 40.157184 821.542912
Apple 3.346432 587.293696 81.98656 654.222336
Apple 61.908992000000005 488.574976 135.529472 562.19648
Apple 83.65977600000001 719.4767360000001 170.667008 806.483968
Apple 85.332992 177.359872 202.457088 297.8304
Apple 162.300928 706.091008 212.49638399999998 786.4053759999999
Apple 165.64736000000002 224.208896 257.673216 311.21612799999997
Apple 184.052736 528.7321599999999 224.208896 558.850048
Apple 195.764224 53.542912 287.791104 140.54912
Apple 317.908992 716.130304 393.20268799999997 778.039296
Apple 339.65977599999997 523.7125120000001 421.64735999999994 610.71872
Apple 363.0848 652.54912 456.783872 756.2874879999999
Apple 366.43123199999997 839.947264 416.62771200000003 898.509824
Apple 404.9152 421.64735999999994 505.307136 548.810752
Apple 453.43744000000004 343.006208 577.2544 461.80352
Apple 498.61427199999997 707.764224 580.6008320000001 788.078592
Apple 525.385728 848.3133439999999 568.889344 898.509824
Apple 567.216128 811.503616 620.758016 890.143744
Apple 595.659776 254.32678399999998 699.3991679999999 361.411584
Apple 659.241984 863.372288 692.706304 890.143744
Apple 680.993792 294.483968 756.2874879999999 349.699072
Apple 687.686656 747.921408 757.960704 806.483968
Apple 794.771456 952.052736 816.5232639999999 972.1303039999999
Apple 824.889344 950.37952 841.62048 973.8035199999999
Apple 868.391936 863.372288 987.189248 977.149952
Apple 921.934848 809.8304 955.3991679999999 843.2936960000001
Apple 933.6473599999999 550.483968 1022.326784 664.2616320000001
Apple 975.476736 701.0723839999999 1022.326784 814.850048
