Apple 31.791103999999997 264.36607999999995 65.2544 307.869696
Apple 41.8304 242.61427200000003 88.679424 276.078592
Apple 41.8304 440.05273600000004 160.627712 568.889344
Apple 70.274048 276.078592 110.43123200000001 304.52326400000004
Apple 172.340224 205.80352 205.80352 225.882112
Apple 194.09100800000002 555.503616 520.36608 861.6990720000001
Apple 200.783872 388.18304 376.470528 518.692864
Apple 210.823168 199.110656 242.61427200000003 217.516032
Apple 286.117888 801.46432 339.65977599999997 861.6990720000001
Apple 291.137536 122.143744 480.208896 267.712512
Apple 314.56256 312.889344 680.993792 557.176832
Apple 533.751808 496.94105599999995 883.4508800000001 759.63392
Apple 545.46432 180.70630400000002 871.7383679999999 399.895552
Apple 819.869696 349.699072 987.189248 512.0
