Apple 491.921408 120.470528 657.568768 257.673216
Apple 38.483968 577.2544 93.699072 607.372288
Apple 46.850048 880.104448 127.16339199999999 947.0330880000001
Apple 103.73836800000001 485.22854400000006 175.686656 527.058944
Apple 180.70630400000002 600.679424 239.26783999999998 665.934848
Apple 317.908992 264.36607999999995 456.783872 409.934848
Apple 414.954496 558.850048 555.503616 701.0723839999999
Apple 418.300928 659.241984 563.869696 762.9803519999999
Apple 458.457088 460.130304 587.293696 580.6008320000001
Apple 538.771456 686.0134400000001 595.659776 746.248192
Apple 602.3526400000001 724.496384 665.934848 798.117888
Apple 667.608064 411.608064 759.63392 527.058944
Apple 704.417792 655.895552 841.62048 793.09824
Apple 766.326784 416.62771200000003 876.758016 532.078592
Apple 841.62048 147.241984 921.934848 202.457088
Apple 853.332992 217.516032 943.6866560000001 301.176832
Apple 885.1240960000001 204.130304 963.764224 269.385728
