Apple 650.24 158.896535 720.0 229.375305
Apple 175.36 425.43318700000003 216.32 461.95388
Apple 294.4 601.629429 333.44 641.9947289999999
Apple 329.6 449.13943399999994 375.68 491.42669600000005
Apple 330.88 509.367057 366.08 551.653636
Apple 426.88 349.18853099999995 462.08 383.787262
Apple 428.16 244.11171300000004 464.64 267.81795999999997
Apple 438.4 438.88828700000005 474.24 495.27130300000005
Apple 443.52 512.5703269999999 492.16 565.108736
Apple 469.76 533.073304 533.12 595.222206
Apple 499.2 447.858126 522.24 467.720449
Apple 506.88 495.27130300000005 568.32 555.498243
Apple 515.84 447.858126 564.48 488.86408000000006
Apple 523.52 149.926696 580.48 203.746413
Apple 528.0 604.192045 580.48 639.43143
Apple 559.36 178.758858 602.24 236.42318200000003
Apple 622.08 310.10522199999997 682.88 379.302001
Apple 638.08 207.59102 698.24 255.00351399999997
Apple 670.72 365.206247 727.04 421.58926299999996
Apple 709.12 541.4024890000001 740.48 596.503514
Apple 714.24 291.524207 780.8 351.75114700000006
Apple 740.48 547.809712 784.64 575.3605660000001
Apple 758.4 322.91898499999996 808.32 381.223963
Apple 795.52 554.216935 855.68 606.755344
Apple 798.08 599.066813 842.88 640.7127380000001
