Apple 167.04 734.72 297.6 837.12
Apple 0.0 226.56 983.68 438.4
Apple 0.0 263.68 1008.0 666.24
Apple 53.12 288.0 1023.36 842.88
Apple 329.6 912.64 487.04 1023.36
Apple 446.72 877.44 480.0 893.44
Apple 478.08 856.32 523.52 895.36
Apple 504.32 823.68 546.56 869.12
Apple 528.64 781.44 561.92 819.84
Apple 568.96 760.32 621.44 814.72
Apple 599.04 728.96 637.44 764.16
Apple 637.44 711.68 679.04 755.2
Apple 700.16 557.44 840.32 707.84
Apple 849.28 461.44 920.96 571.52
Apple 929.28 445.44 940.16 466.56
Apple 929.28 435.2 945.28 447.36
Apple 941.44 445.44 955.52 459.52
