Apple 604.8 139.199488 707.2 235.199488
Apple 25.6 743.999488 62.400512 774.4
Apple 142.399488 692.799488 209.600512 752.0
Apple 198.4 891.2005119999999 238.399488 931.2
Apple 270.39948799999996 873.6 300.8 902.4
Apple 292.799488 864.0 310.4 880.0
Apple 304.0 499.2 345.6 526.400512
Apple 364.8 465.60051200000004 433.60051200000004 532.799488
Apple 536.000512 412.8 729.6 758.4
Apple 604.8 871.999488 672.0 934.4
Apple 750.400512 550.4 790.4 593.599488
Apple 787.2 566.4 844.8 615.999488
Apple 811.200512 225.600512 873.6 284.8
Apple 833.599488 726.4 871.999488 760.000512
Apple 851.2 574.400512 918.4 635.200512
Apple 867.2 736.0 899.2 768.0
Apple 880.0 156.8 910.4005119999999 185.6
Apple 900.7994880000001 128.0 935.999488 164.800512
Apple 944.0 560.0 982.4 590.400512
Apple 948.7994880000001 596.799488 990.4005119999999 636.8
