Apple 10.24 323.27855999999997 73.6 369.36966
Apple 12.8 496.76022 28.8 510.84396000000004
Apple 44.8 479.47614 113.92 529.40844
Apple 71.04 592.78362 127.36 647.8368599999999
Apple 102.4 205.48968000000002 152.32 254.14158
Apple 117.76 516.6051 172.8 562.056
Apple 146.56 213.17141999999998 212.48 272.06586
Apple 176.0 505.72236 199.04 542.85132
Apple 196.48 498.04061999999993 243.84 544.13172
Apple 200.32 542.85132 238.72 578.06034
Apple 221.44 170.92152 257.28 214.45182000000003
Apple 246.4 205.48968000000002 297.6 252.86118
Apple 257.28 154.27764 314.88 215.73222
Apple 331.52 414.18036 382.72 459.63126
Apple 385.92 398.17668 430.08 453.22992
Apple 387.2 297.03234 431.36 345.68358
Apple 443.52 345.68358 476.16 382.81253999999996
Apple 482.56 243.25883999999996 529.92 286.7898
Apple 487.68 432.10463999999996 524.8 461.55186
Apple 499.84 516.6051 528.64 537.09018
Apple 545.92 484.59774000000004 842.24 659.3598
Apple 738.56 273.34626 782.08 319.43736
Apple 881.92 464.75286 926.72 504.44196000000005
