Apple 376.32 248.319744 464.64 354.560256
Apple 239.36 445.43999999999994 266.24 477.440256
Apple 390.4 720.639744 422.4 755.199744
Apple 433.92 424.959744 468.48 454.400256
Apple 439.04 642.560256 471.04 680.960256
Apple 462.08 697.599744 485.12 730.880256
Apple 568.32 139.520256 634.88 194.55974399999997
Apple 613.12 407.04 641.28 433.91999999999996
Apple 615.68 369.920256 646.4 390.39974400000006
Apple 638.72 124.160256 693.76 177.920256
Apple 641.28 281.600256 688.64 337.92
Apple 654.08 410.88 675.84 430.08000000000004
Apple 663.04 436.479744 683.52 460.79999999999995
Apple 761.6 138.24 837.12 220.160256
Apple 765.44 601.599744 865.28 686.079744
Apple 838.4 267.519744 913.92 322.56
Apple 889.6 0.0 929.28 24.320256
Apple 901.12 629.76 1002.24 733.4399999999999
Apple 917.76 381.44025600000003 944.64 404.480256
Apple 925.44 683.52 1022.72 766.719744
