Apple 735.36 606.72 945.28 768.0
Apple 53.76 231.680256 128.0 291.200256
Apple 80.64 237.44025600000003 239.36 333.44025600000003
Apple 98.56 145.280256 244.48 241.92000000000002
Apple 152.32 201.60000000000002 297.6 304.640256
Apple 258.56 99.200256 391.04 186.24
Apple 448.64 695.04 661.76 767.360256
Apple 778.88 21.759743999999998 907.52 111.35999999999999
Apple 794.88 0.0 951.04 55.67999999999999
Apple 846.72 437.120256 1023.36 554.88
Apple 880.0 206.720256 1023.36 298.239744
Apple 901.12 364.160256 1023.36 500.480256
