Apple 0.0 121.599744 29.44 168.320256
Apple 59.52 546.560256 79.36 565.119744
Apple 81.92 549.12 113.92 565.119744
Apple 92.8 528.0 117.76 549.12
Apple 94.08 420.48 119.04 439.040256
Apple 139.52 444.800256 167.04 467.199744
Apple 186.88 3.84 203.52 27.519743999999996
Apple 214.4 369.279744 235.52 392.96025599999996
Apple 218.24 346.880256 239.36 368.00025600000004
Apple 235.52 376.959744 250.24 400.640256
Apple 281.6 404.480256 304.64 431.36025600000005
Apple 304.64 404.480256 322.56 423.03974400000004
Apple 348.16 368.00025600000004 364.16 390.39974400000006
Apple 366.72 368.00025600000004 387.84 389.120256
Apple 371.84 374.4 389.12 395.52
Apple 376.96 259.20000000000005 512.0 322.56
Apple 608.64 220.79999999999998 712.96 437.76
Apple 725.12 35.840256 945.92 264.320256
Apple 892.8 453.75974399999996 965.76 505.599744
Apple 896.64 284.15999999999997 907.52 295.040256
Apple 951.04 550.400256 1000.32 600.320256
Apple 953.6 224.64 979.2 267.519744
Apple 954.88 673.280256 1023.36 731.52
Apple 973.44 168.320256 999.04 188.16
Apple 977.28 364.79999999999995 1023.36 442.88025600000003
Apple 1000.32 126.72 1023.36 211.839744
Apple 1008.0 281.600256 1023.36 327.03974400000004
