Apple 0.0 121.599744 3.84 144.0
Apple 0.0 151.68 8.32 176.000256
Apple 2.56 131.840256 30.72 153.60000000000002
Apple 28.16 263.04 40.96 285.44025600000003
Apple 38.4 95.360256 71.68 119.03999999999999
Apple 50.56 317.439744 71.68 336.0
Apple 60.8 37.119744 88.96 62.079744000000005
Apple 75.52 159.999744 117.76 203.52
Apple 78.08 229.76025600000003 110.08 265.599744
Apple 87.68 58.239744 113.92 81.92025600000001
Apple 94.08 0.0 115.2 14.720256
Apple 99.2 284.15999999999997 117.76 302.720256
Apple 103.04 27.519743999999996 131.2 60.800256000000005
Apple 119.04 270.080256 158.72 305.28000000000003
Apple 122.88 151.68 154.88 186.24
Apple 128.64 48.639744 161.28 84.48
Apple 140.16 334.719744 185.6 380.799744
Apple 147.2 207.999744 182.4 238.07999999999998
Apple 192.0 170.240256 214.4 188.799744
Apple 202.24 396.800256 241.92 439.040256
Apple 206.72 94.08 214.4 104.31974399999999
Apple 208.0 129.279744 234.24 154.880256
Apple 225.28 284.15999999999997 239.36 298.880256
Apple 252.8 311.04 282.88 346.880256
Apple 260.48 353.28000000000003 293.76 386.559744
Apple 271.36 289.92 308.48 328.32
Apple 277.76 171.519744 308.48 199.68
Apple 284.8 383.36025600000005 314.88 403.20000000000005
Apple 296.32 1.280256 332.16 32.000256
Apple 297.6 111.35999999999999 316.16 122.88
Apple 324.48 117.759744 337.28 137.600256
Apple 342.4 360.96 373.12 382.08
Apple 355.84 183.680256 391.68 218.240256
Apple 358.4 452.480256 387.84 489.59999999999997
Apple 359.68 64.640256 392.96 103.040256
Apple 359.68 0.0 406.4 26.240256000000002
Apple 382.08 447.36 406.4 469.76025599999997
Apple 406.4 259.20000000000005 444.8 292.479744
Apple 419.2 0.0 431.36 14.720256
Apple 444.8 26.240256000000002 467.2 35.840256
Apple 452.48 191.360256 483.2 203.52
Apple 474.88 515.840256 501.12 539.52
Apple 488.32 536.960256 514.56 561.920256
Apple 506.88 529.280256 528.0 546.560256
Apple 515.84 50.559744 556.8 83.199744
Apple 540.8 574.719744 568.96 599.04
Apple 568.96 78.08025599999999 595.2 104.31974399999999
Apple 572.8 590.7202560000001 600.32 611.840256
Apple 574.08 34.56 593.92 58.239744
Apple 595.2 26.240256000000002 631.04 65.91974400000001
Apple 615.68 142.07999999999998 657.28 183.680256
Apple 663.04 75.519744 698.24 113.919744
Apple 716.8 148.479744 742.4 182.39999999999998
Apple 743.68 311.04 775.04 341.12025600000004
