Apple 659.84 266.536652 873.6 470.923719
Apple 162.56 379.302001 237.44 442.09224
Apple 179.84 490.78604199999995 284.8 593.300244
Apple 237.44 403.00824800000004 318.72 483.097511
Apple 359.04 67.915471 456.32 167.867057
Apple 398.08 326.76359199999996 446.72 368.4102
Apple 432.0 287.039629 512.0 360.721669
Apple 525.44 349.829185 584.32 394.679063
Apple 552.96 281.913714 608.0 342.140654
Apple 565.76 531.151342 615.68 574.078575
Apple 638.08 0.0 812.16 70.47808700000002
Apple 648.32 78.16730100000001 689.28 175.555588
Apple 705.92 496.552611 761.6 557.420205
Apple 816.64 0.0 846.72 25.628209000000002
Apple 817.92 121.73518799999998 921.6 199.261835
Apple 829.44 606.755344 848.0 650.964568
Apple 841.6 208.23167400000003 958.08 310.745876
Apple 858.24 485.660127 894.08 522.18082
Apple 867.84 368.4102 919.04 405.571547
Apple 926.72 180.68082 1011.84 259.48877500000003
Apple 928.0 536.917228 976.64 583.0490970000001
Apple 940.8 640.7127380000001 976.64 682.3593460000001
Apple 958.08 376.73938499999997 1010.56 404.289556
Apple 984.32 659.293753 1013.12 682.3593460000001
