Apple 609.92 65.352855 849.28 208.23167400000003
Apple 0.0 301.77603700000003 7.68 317.153099
Apple 0.0 423.511225 8.96 447.21747200000004
Apple 0.0 449.780771 8.96 470.923719
Apple 0.0 280.632406 12.16 304.33865299999997
Apple 0.0 272.943875 21.12 292.16486100000003
Apple 0.0 350.469839 203.52 510.64836500000007
Apple 7.68 294.08750599999996 18.56 312.027184
Apple 11.52 296.009468 32.64 315.230454
Apple 23.68 287.039629 35.84 294.08750599999996
Apple 26.24 306.260615 40.32 319.715715
Apple 35.2 285.11698399999995 51.2 290.24289899999997
Apple 35.2 290.24289899999997 60.16 313.949146
Apple 42.24 167.867057 53.76 186.447389
Apple 53.76 285.11698399999995 76.16 307.54192300000005
Apple 60.16 522.821474 149.76 581.7671059999999
Apple 65.28 84.573841 140.16 167.22640299999998
Apple 144.0 187.728697 157.44 206.309712
Apple 145.92 660.575061 166.4 677.874085
Apple 145.92 17.939678 333.44 129.423719
Apple 154.88 420.948609 401.92 610.5992679999999
Apple 272.64 212.71693499999998 295.04 236.42318200000003
Apple 272.64 630.461591 401.28 682.3593460000001
Apple 291.2 173.632943 327.04 206.950366
Apple 291.2 115.969302 451.2 196.05788199999998
Apple 410.88 240.267106 434.56 266.536652
Apple 410.88 493.98999499999996 691.2 682.3593460000001
Apple 426.24 106.99878 578.56 192.21395800000002
Apple 552.32 205.669058 599.68 250.518936
Apple 634.88 286.398975 661.12 312.66783799999996
Apple 737.28 230.65661300000002 798.72 285.757638
Apple 822.4 234.50122000000002 859.52 280.632406
Apple 869.76 164.663104 1023.36 285.757638
Apple 890.88 595.222206 1023.36 682.3593460000001
Apple 912.0 332.530161 949.76 366.48755500000004
Apple 977.28 288.320937 1023.36 338.29673
