Apple 44.16 475.520256 152.32 579.2002560000001
Apple 0.0 0.0 132.48 177.279744
Apple 0.0 261.759744 245.12 600.320256
Apple 145.92 0.0 385.28 163.839744
Apple 203.52 620.16 465.92 767.360256
Apple 301.44 218.240256 664.32 473.60025599999994
Apple 415.36 0.0 602.24 133.76025600000003
Apple 544.0 529.280256 766.08 700.8
Apple 593.92 0.0 771.2 103.040256
Apple 670.72 170.240256 980.48 380.799744
Apple 753.92 462.72 961.92 613.760256
Apple 788.48 0.0 912.64 85.760256
Apple 895.36 119.03999999999999 1023.36 285.44025600000003
