Apple 330.30358099999995 189.599744 438.27153799999996 304.0
Apple 52.784289 557.599744 144.75775199999998 642.400256
Apple 63.181597999999994 819.9997440000001 95.17195199999999 856.8002560000001
Apple 67.180563 480.0 155.15437799999998 556.0002559999999
Apple 83.17574 818.400256 133.56065 856.8002560000001
Apple 95.17195199999999 629.600256 364.69331400000004 803.9997440000001
Apple 142.358373 532.799488 221.535148 636.8
Apple 247.92763399999998 487.19974400000007 338.30082799999997 582.4
Apple 311.908342 448.79974400000003 404.68159800000006 550.4
Apple 311.908342 54.4 682.2002070000001 469.60025599999994
Apple 439.87112399999995 483.999744 475.06065 515.2
Apple 457.46588700000007 476.8 487.85733799999997 494.39948799999996
Apple 607.022397 487.19974400000007 682.2002070000001 559.200256
