Apple 389.12 538.239744 484.48 637.4399999999999
Apple 80.64 238.719744 176.0 325.760256
Apple 220.8 330.87974399999996 321.28 424.959744
Apple 297.6 262.400256 370.56 330.87974399999996
Apple 346.88 368.00025600000004 424.96 449.91974400000004
Apple 373.12 696.320256 446.08 767.360256
Apple 400.64 517.760256 488.32 565.119744
Apple 510.72 190.719744 562.56 247.68
Apple 539.52 554.88 641.92 659.199744
Apple 559.36 263.679744 654.72 336.63974399999995
Apple 565.12 428.799744 608.64 465.920256
Apple 595.2 139.520256 694.4 213.12
Apple 649.6 510.72 782.08 627.2002560000001
Apple 736.64 499.20000000000005 805.76 568.959744
Apple 784.64 375.03974400000004 832.0 458.24025600000004
Apple 789.76 318.080256 867.84 368.00025600000004
Apple 872.96 561.2797439999999 932.48 622.08
Apple 901.12 375.03974400000004 1009.28 469.76025599999997
Apple 964.48 304.640256 1023.36 343.040256
Apple 1002.88 120.96000000000001 1023.36 158.079744
