Apple 382.719744 320.64 599.679744 552.32
Apple 0.0 588.8 12.159744 618.88
Apple 0.0 634.24 14.079744000000002 659.2
Apple 5.76 567.68 38.400000000000006 599.68
Apple 8.960256000000001 535.04 49.280256 565.12
Apple 19.839744 245.76 33.920256 259.84
Apple 21.759743999999998 329.6 51.84 355.84
Apple 23.679744 0.0 105.60000000000001 40.96
Apple 44.160000000000004 505.6 64.640256 529.92
Apple 140.16 566.4 202.88025599999997 625.92
Apple 144.639744 2.56 249.60000000000002 105.6
Apple 156.80025600000002 649.6 391.040256 871.68
Apple 216.320256 816.0 434.559744 999.68
Apple 226.56 171.52 433.280256 407.68
Apple 307.20000000000005 150.4 324.48 166.4
Apple 426.24 101.12 648.320256 330.88
Apple 429.440256 271.36 452.480256 291.84
Apple 436.479744 262.4 446.72025600000006 272.64
Apple 471.680256 620.16 515.199744 653.44
Apple 485.76 680.96 510.08025599999996 702.08
Apple 534.399744 604.16 579.84 635.52
Apple 550.400256 640.64 593.919744 661.76
Apple 555.519744 754.56 591.999744 775.68
Apple 570.8797440000001 935.04 593.919744 976.64
Apple 584.960256 602.24 623.360256 637.44
Apple 591.999744 637.44 634.239744 675.84
Apple 599.04 377.6 625.280256 403.84
Apple 618.24 372.48 634.239744 386.56
Apple 620.16 975.36 649.599744 997.76
Apple 667.520256 422.4 693.759744 451.84
Apple 693.12 600.96 712.3199999999999 624.0
Apple 746.240256 327.68 765.440256 339.84
