Apple 163.2 0.0 316.8 129.920256
Apple 0.0 0.0 32.0 32.000256
Apple 101.76 8.319744 188.16 128.64000000000001
Apple 110.08 156.80025600000002 234.24 261.12
Apple 192.0 127.35974399999998 293.76 173.43974400000002
Apple 307.2 225.279744 395.52 324.48
Apple 392.96 227.840256 504.32 333.44025600000003
Apple 410.24 720.0 496.0 767.360256
Apple 458.88 90.24 556.8 176.64000000000001
Apple 515.84 120.96000000000001 576.64 192.0
Apple 607.36 686.7202560000001 654.72 748.8
Apple 628.48 291.200256 1023.36 655.359744
Apple 711.68 28.160255999999997 826.88 143.360256
Apple 935.04 0.0 1023.36 46.719744000000006
Apple 977.28 183.03974399999998 1023.36 293.76
