Apple 0.0 432.000045 33.000448 485.99996500000003
Apple 0.0 197.999935 35.00032 241.000125
Apple 5.9996160000000005 462.00030499999997 51.00032 496.00028000000003
Apple 21.999616 412.0001 67.00032 460.000105
Apple 30.000128000000004 380.99974000000003 72.999936 418.00001499999996
Apple 35.00032 490.99978 229.999616 654.9997400000001
Apple 110.99955200000001 647.00031 149.999616 681.9997000000001
Apple 135.99948799999999 663.999955 174.999552 683.9999
Apple 176.0 430.999945 220.000256 459.00000499999993
Apple 238.999552 624.000065 268.99967999999996 645.00011
Apple 259.00032000000004 640.000295 295.999488 668.99977
Apple 325.00019199999997 420.00021499999997 369.99987200000004 462.00030499999997
Apple 336.0 459.00000499999993 380.99967999999996 496.00028000000003
Apple 362.99980800000003 439.00006 401.99987200000004 483.999765
Apple 417.99987200000004 38.999790000000004 446.000128 83.00008000000001
Apple 444.000256 71.999665 492.000256 112.999655
Apple 460.000256 331.00021999999996 504.99993600000005 381.99984
Apple 481.999872 297.000245 526.000128 346.99976499999997
Apple 496.0 338.00023500000003 551.000064 386.00024
Apple 549.000192 531.99977 574.999552 572.9997599999999
Apple 549.9996160000001 592.9997050000001 593.999872 632.0001800000001
Apple 556.99968 614.99985 600.999936 654.9997400000001
Apple 567.000064 29.000159999999997 613.9996160000001 72.99976500000001
Apple 588.99968 530.9996699999999 609.999872 571.0002450000001
Apple 604.99968 209.999765 647.000064 254.000055
Apple 606.999552 51.99972 656.0 92.000295
Apple 616.999936 155.999845 666.0003839999999 208.00025
Apple 640.0 216.99978000000002 686.999552 256.99967000000004
Apple 663.000064 146.000215 689.999872 189.99982
Apple 679.000064 499.999995 723.00032 544.000285
Apple 679.999488 86.99979499999999 730.0003839999999 132.00018500000002
Apple 689.000448 456.999805 732.0002559999999 502.000195
Apple 696.000512 177.99998999999997 732.0002559999999 221.00018000000003
Apple 714.999808 193.00012 759.000064 236.99972499999998
Apple 714.999808 487.00006499999995 762.999808 538.999785
Apple 727.000064 49.000105 776.999936 103.000025
Apple 769.000448 450.99988999999994 808.999936 496.00028000000003
Apple 803.00032 451.99999 833.000448 503.00029499999994
Apple 823.000064 489.99967999999996 860.000256 528.000055
Apple 851.999744 345.999665 897.000448 386.00024
Apple 856.000512 100.999825 890.999808 119.99967000000001
Apple 901.000192 304.999675 945.9998720000001 346.99976499999997
Apple 929.000448 312.99979 984.9999359999999 360.999795
Apple 933.000192 201.000235 984.000512 229.00029500000002
