Apple 185.66555400000001 627.2 304.107408 750.08
Apple 0.0 525.44 62.102087999999995 632.32
Apple 0.0 749.44 79.38837600000001 920.96
Apple 0.0 287.36 306.668892 399.36
Apple 0.0 332.8 404.622942 502.4
Apple 24.968705999999997 702.08 198.47026200000002 847.36
Apple 46.09654199999999 533.76 100.515534 597.12
Apple 79.38837600000001 494.08 167.09920200000002 563.84
Apple 89.6316 291.2 129.96582 322.56
Apple 126.764982 289.28 167.09920200000002 308.48
Apple 154.294494 462.08 233.04215999999997 539.52
Apple 194.628714 973.44 338.039952 1023.36
Apple 233.04215999999997 257.92 278.49867 285.44
Apple 278.49867 590.08 383.495784 693.12
Apple 296.42499 868.48 460.963386 1023.36
Apple 345.082338 390.4 418.708392 465.92
Apple 397.58055600000006 794.88 539.711052 950.4
Apple 416.787618 369.92 480.16976999999997 423.68
Apple 423.83000400000003 406.4 677.359968 595.2
Apple 460.963386 350.08 523.705506 399.36
Apple 460.963386 750.72 585.166884 868.48
Apple 502.57766999999996 287.36 551.87505 308.48
Apple 509.6200560000001 700.16 621.6602340000001 817.28
Apple 578.124498 294.4 630.623394 322.56
Apple 611.416332 604.16 677.359968 711.04
