Apple 0.0 947.540992 29.368999999999996 974.164992
Apple 0.0 180.224 38.248 203.435008
Apple 0.0 304.468992 76.496 697.003008
Apple 22.539 940.715008 40.297 963.243008
Apple 38.248 101.716992 68.3 138.58099199999998
Apple 304.618 0.0 669.34 466.260992
Apple 348.33 674.475008 399.55499999999995 718.164992
Apple 368.137 604.16 400.921 634.196992
Apple 427.558 688.811008 456.927 730.452992
Apple 529.325 805.547008 566.207 835.584
Apple 529.325 761.856 579.867 807.595008
Apple 581.9159999999999 514.048 634.5070000000001 571.392
Apple 590.112 821.931008 634.5070000000001 862.208
Apple 625.628 860.16 674.804 894.976
Apple 629.043 739.328 682.317 802.132992
