Apple 338.768 846.507008 441.218 950.272
Apple 0.0 421.888 28.686000000000003 454.656
Apple 0.0 442.368 34.15 483.328
Apple 0.0 711.339008 43.712 768.683008
Apple 0.0 756.395008 61.47 851.968
Apple 25.954 263.508992 189.87400000000002 319.488
Apple 31.418 425.984 79.22800000000001 461.483008
Apple 66.934 596.651008 168.018 677.204992
Apple 99.71799999999999 501.076992 146.162 536.576
Apple 146.162 472.404992 210.364 531.115008
Apple 151.626 449.19500800000003 210.364 481.963008
Apple 166.652 628.052992 277.298 711.339008
Apple 169.384 585.728 259.54 648.532992
Apple 174.848 786.432 426.192 976.212992
Apple 219.92600000000002 473.771008 277.298 524.288
Apple 224.024 451.924992 286.86 481.963008
Apple 286.86 232.107008 482.198 289.451008
Apple 379.74800000000005 330.411008 635.19 417.792
Apple 439.85200000000003 471.04 504.054 535.211008
Apple 475.368 483.328 558.694 546.132992
Apple 482.198 531.115008 561.4259999999999 569.344
Apple 530.008 443.73299199999997 605.138 490.155008
Apple 547.7660000000001 596.651008 647.4839999999999 677.204992
Apple 549.1320000000001 472.404992 633.8240000000001 544.768
Apple 592.844 644.436992 681.634 749.568
Apple 657.0459999999999 623.956992 681.634 663.552
