Apple 804.571136 544.1825279999999 930.3767039999999 655.359744
Apple 579.291136 292.571136 634.88 352.548864
Apple 593.92 370.10304 634.88 411.06278399999997
Apple 617.325568 392.045568 674.376704 444.708864
Apple 633.416704 336.45696 699.2455679999999 389.120256
Apple 634.88 291.108864 687.5432959999999 317.439744
Apple 636.343296 310.12608 696.32 352.548864
Apple 671.451136 405.21139199999993 715.336704 437.39443200000005
Apple 690.4688639999999 321.82886399999995 740.205568 383.26886399999995
Apple 716.8 424.228608 751.908864 457.87392
Apple 731.428864 359.862528 789.943296 416.91417599999994
Apple 741.668864 446.17113600000005 807.496704 487.13164800000004
Apple 773.851136 386.19417599999997 838.216704 441.782784
Apple 781.165568 343.77139199999993 829.44 383.26886399999995
Apple 804.571136 447.63417599999997 839.68 478.354176
Apple 820.663296 337.92 892.3432960000001 383.26886399999995
Apple 827.976704 367.17696 873.325568 422.76556800000003
Apple 838.216704 431.54304 882.1032960000001 459.33696
