Apple 10.448896000000001 677.572272 115.74271999999999 774.023991
Apple 25.720832 612.4680119999999 97.255424 674.357424
Apple 25.720832 744.284853 120.56473600000001 854.400573
Apple 42.599424 271.671699 106.097664 364.90857
Apple 78.769152 358.478874 159.145984 460.556577
Apple 84.39603199999999 451.714848 142.266368 536.913702
Apple 115.74271999999999 776.435127 192.904192 891.3740160000001
Apple 127.799296 652.656303 224.25088 804.5668410000001
Apple 191.296512 712.1345789999999 311.862272 798.137145
Apple 204.156928 291.766293 298.198016 368.12341799999996
Apple 212.998144 578.709417 281.3184 667.124016
Apple 217.821184 790.9028400000001 296.590336 888.158271
Apple 245.952512 587.551146 311.862272 684.002865
Apple 341.60128 764.379447 433.23084800000004 818.230842
Apple 360.087552 635.776557 448.50278399999996 770.8091430000001
Apple 400.27648 585.14001 451.71712 647.0294220000001
Apple 456.54015999999996 405.096861 521.645056 471.80944199999993
Apple 458.95167999999995 708.1160189999999 522.448896 779.650872
Apple 550.5812480000001 805.370553 625.3312 876.906303
Apple 552.187904 664.711983 654.2663679999999 723.3874440000001
Apple 569.0675200000001 455.734305 663.912448 572.279721
Apple 585.947136 561.026856 638.995456 666.320304
Apple 590.769152 367.31970600000005 675.969024 474.220578
Apple 607.648768 745.088565 674.361344 821.4465869999999
Apple 670.3421440000001 579.513129 752.326656 692.843697
Apple 680.7910400000001 745.088565 754.738176 816.623418
Apple 682.39872 691.236273 750.718976 759.556278
Apple 684.0064 432.42486299999996 770.812928 517.6237169999999
Apple 725.801984 0.0 782.869504 88.413702
Apple 834.311168 629.346861 888.163328 675.9648480000001
Apple 886.555648 615.68286 948.446208 681.591729
Apple 902.631424 452.51856000000004 976.5775359999999 520.838565
