Apple 598.413312 168.49480000000003 769.08032 308.90743
Apple 0.0 324.02942 19.442688 384.51471
Apple 0.0 101.52942 34.56512 181.45586999999998
Apple 19.442688 315.38840999999996 103.696384 397.47578000000004
Apple 28.084224 99.3685 82.093056 151.21367
Apple 41.046015999999995 246.26210999999998 82.093056 298.10639
Apple 118.818816 553.00951 159.864832 602.69376
Apple 125.29971200000001 581.09257 183.6288 645.8979199999999
Apple 211.71302400000002 0.0 276.523008 56.16523000000001
Apple 216.03328 263.54413 289.4848 304.58737
Apple 263.561216 4.32006 386.700288 125.29152999999998
Apple 291.64544 190.09688 360.776704 276.5052
Apple 533.603328 257.06315 635.1390719999999 343.47058
Apple 570.329088 343.47058 620.01664 375.87370000000004
Apple 630.818816 352.11159000000004 771.24096 490.36419
Apple 743.155712 321.86850000000004 855.493632 449.32006
Apple 749.637632 669.66003 827.409408 751.7474000000001
Apple 879.2576 196.57786 1021.8393599999999 341.31055
Apple 883.577856 336.99049 1021.8393599999999 477.40312
